12373 1
12419 1
12429 1
12435 0
12452 1
12520 1
12540 0
12627 1
12630 1
12632 0
12651 1
12746 1
12785 1
12803 1
12818 1
12848 0
12850 0
12892 0
12910 0
13031 1
13035 0
13057 1
13058 0
13076 1
13105 1
13125 0
13139 1
13185 1
13245 1
13259 1
13263 0
13293 1
13440 0
13479 0
13494 0
13511 1
13517 0
13521 1
13536 1
13591 0
13729 1
13749 1
13752 1
13802 1
13814 0
13844 1
13888 0
13948 0
13950 0
13971 1
14058 0
14060 0
14075 1
14145 3
14151 3
14203 3
14523 3
14533 1
15024 3
15546 3
16196 1
16228 1
16280 1
16281 1
16283 1
16872 3
17811 2
17848 2
17893 2
17896 2
17999 5
18111 2
18115 2
18133 5
18149 5
18268 5
18270 5
18331 5
18337 2
18372 5
18397 5
18409 2
18424 2
18428 2
18516 5
18543 2
18644 5
18647 5
18648 5
18655 5
18752 2
18769 5
18823 2
18838 2
18844 5
18917 5
18927 2
18935 2
18967 5
18983 5
18996 2
19071 2
19170 5
19216 5
19246 2
19254 2
19263 2
19270 5
19335 5
19356 5
19359 2
26288 5
26293 5
26376 5
26445 0
26514 5
26520 5
26564 0
26686 5
26785 3
26803 3
26842 5
26845 5
26904 5
26930 5
26946 0
26984 0
26985 0
26997 0
27056 3
27071 3
27089 5
27220 3
27473 3
27514 5
27619 5
27643 3
27750 3
27802 3
27858 5
27866 5
27869 5
27872 3
27889 3
27911 5
27912 3
27914 5
28012 3
28028 5
28045 0
28056 3
28157 5
28161 5
28162 3
28315 3
28316 5
28355 3
28403 0
28427 3
36257 3
36316 0
36342 3
36458 0
36479 3
36502 3
36648 0
36663 3
36668 0
36688 0
36721 0
36723 3
36753 3
36756 3
36802 0
36814 0
36903 3
36918 3
36992 3
37031 0
37089 0
37107 3
37111 3
37131 0
37134 3
37222 3
37264 3
37316 3
37321 3
37354 0
37362 0
37414 0
37452 3
37525 0
37584 0
37630 3
37637 0
37724 0
37725 0
37796 0
48441 5
48466 5
48482 5
48494 5
48519 2
48558 5
48561 5
48620 5
48664 5
48674 5
48728 5
48744 2
48819 2
48821 5
48864 2
48952 2
48960 5
49122 2
49265 2
49278 5
49298 5
49368 5
49510 5
49529 2
49723 5
49733 2
49743 2
49763 2
49788 2
49789 5
49792 5
49794 2
49821 2
49914 2
49933 2
50014 5
50103 5
50122 5
50164 2
50179 5
50204 5
50205 5
50344 5
50520 2
50524 5
50529 2
50555 5
50573 2
50578 5
50621 2
50624 5
50722 5
50790 5
50799 2
50906 5
50933 2
50968 5
50992 2
51013 2
51050 5
51058 2
51089 2
51129 2
51152 5
51153 2
51182 5
51192 5
51272 2
51275 5
51372 2
51388 5
51416 2
51578 2
51606 2
51633 2
52871 4
52910 3
53053 1
53109 4
53115 3
53164 3
53194 4
53235 3
53282 4
53303 3
53415 3
53431 3
53463 4
53479 3
53483 3
53488 4
53492 4
53504 4
53580 4
53649 1
53650 1
53696 3
53707 4
53787 1
53867 3
53967 4
54005 4
54022 4
54070 1
54233 4
54259 1
54333 4
54424 3
54450 1
54509 3
54533 3
54626 3
54705 1
54735 1
54794 4
54796 4
54803 4
54805 1
54806 1
54810 3
54847 1
54929 4
54988 3
55057 1
55074 4
55086 1
55114 3
55115 4
55177 3
55205 4
55234 1
55294 4
55316 4
55349 1
55368 4
55371 4
55490 3
55575 3
55586 3
55602 3
55630 4
55642 4
55652 3
55664 4
55675 3
55695 4
55696 1
55711 4
55813 1
55836 1
55859 1
55885 4
55933 1
56097 4
56099 3
56127 3
56151 1
56193 4
56240 3
56368 3
56375 3
56439 1
56504 3
56510 1
56570 3
56591 1
56606 4
56638 4
56678 4
56714 4
56744 3
56757 3
56830 3
56860 3
56867 4
56868 4
56875 3
56927 4
56982 1
56992 3
57111 3
57155 4
57179 3
60216 0
60217 0
60233 2
60247 2
60306 2
60307 2
60308 2
60598 2
60684 2
60917 2
60948 2
60949 2
60950 0
60961 2
60968 0
61024 0
61121 2
61321 0
61332 2
61727 0
61745 0
61754 2
61760 0
61919 2
62114 0
62119 0
62126 0
62226 0
62258 2
62508 2
62510 2
62526 0
62563 0
62565 2
62709 0
62877 0
62878 0
63029 2
63298 2
63301 2
67780 0
67785 5
67881 5
67893 5
68064 5
68142 0
68249 5
68288 0
68296 0
68454 0
68790 5
68792 5
68880 0
68958 5
68959 0
69110 5
69245 0
69333 5
69335 0
69633 0
69645 5
69772 0
69819 0
70111 0
70175 5
70355 0
70485 5
70510 5
70557 0
70558 5
70559 0
70570 5
70584 5
70644 5
70812 0
71059 0
71092 5
71118 0
71221 5
81799 4
82129 1
83386 4
95100 3
95397 3
95569 4
95733 3
95871 4
96020 3
96325 4
96683 4
96684 4
96982 4
97119 4
98550 3
98668 4
98670 4
98922 4
98923 4
99222 4
99331 1
99341 3
99375 0
99455 0
99501 3
99509 0
99541 3
99547 1
99548 3
99550 3
99552 1
99622 0
99654 1
99670 1
99755 3
99832 0
99877 3
99966 1
99967 1
100101 0
100102 0
100164 0
100205 1
100209 0
100229 3
100237 1
100239 1
100422 1
100446 1
100447 3
100477 0
100663 0
100702 1
100703 1
100796 0
101580 1
101763 1
101833 0
101888 0
101924 1
102031 0
102036 0
102285 1
102390 0
102667 0
102750 3
102877 3
102918 1
102978 1
103036 0
103048 1
103049 1
103105 1
103157 3
103160 1
103202 1
103210 1
103212 0
103213 0
103237 1
103337 1
103386 0
103436 0
103451 1
103486 3
103488 1
103490 1
103499 0
103536 1
103585 0
103586 1
103590 1
103644 0
103708 1
103711 0
103797 1
103802 1
103821 3
103823 0
103830 1
103835 0
103945 0
103964 0
104041 3
104077 3
104217 0
104287 3
104344 0
104697 1
105229 3
105588 1
105721 0
105946 0
106017 0
106253 3
106427 3
106452 3
106548 1
106602 1
106610 1
106659 1
106694 3
106699 3
106757 1
106777 1
106778 1
106905 0
107016 1
107102 0
107298 1
107320 3
107323 0
107560 0
107638 3
107688 0
107719 1
107761 0
107793 1
107960 1
108440 1
108781 3
108850 0
108851 0
108852 1
108853 1
108873 1
108885 3
109124 1
109307 3
109497 1
109512 1
109564 0
109567 0
109819 0
109822 1
109825 1
109880 3
109900 1
110052 0
110079 3
110098 0
110130 3
110189 1
110205 0
110242 1
110321 3
110322 0
110326 0
110341 1
110346 0
110397 0
110398 0
110486 3
110555 0
110572 0
110596 3
110601 0
110604 0
110658 3
110679 1
110703 0
110774 0
110839 3
110872 1
110949 1
110976 0
110982 0
111027 3
111028 3
111064 1
111102 0
111263 1
111451 0
111457 1
111677 0
111784 3
111788 3
112390 1
112456 1
112458 0
112462 0
112465 1
112467 1
112469 0
112499 0
112570 1
112750 1
112753 1
113269 0
113378 0
113455 0
113475 0
113607 3
113614 3
113703 1
113711 1
113814 0
113868 0
113869 0
113925 3
113936 0
113952 0
113953 0
113955 1
113997 0
114010 0
114189 0
114284 0
114289 0
114457 3
114496 1
114674 0
114701 0
114740 0
114757 1
114846 3
114917 1
114999 0
115090 1
115133 1
115174 1
115417 3
116023 1
116036 0
116332 1
116610 0
116713 0
116970 3
117038 0
117097 1
117108 1
117420 0
117471 1
117522 0
117524 0
117670 0
117698 3
117745 3
117809 3
117813 1
117814 1
117820 0
117846 0
117893 0
117996 0
118101 0
118161 1
118271 1
118279 3
118287 0
118310 3
118329 1
118549 0
118579 1
118604 3
119155 0
119600 1
119619 0
119624 0
119675 0
119724 1
119787 1
119788 1
119797 1
119896 1
119898 0
120156 1
120254 1
120257 0
120258 1
120352 0
120643 3
120788 0
120851 1
120922 0
120973 1
121023 3
121033 0
121089 0
121094 1
121095 0
121097 1
121106 1
121111 1
121141 0
121157 0
121318 1
121320 3
121452 1
121457 1
121486 0
121531 3
121597 0
121688 0
121721 1
121755 1
121766 0
121788 1
121809 3
121830 0
121898 0
122113 1
122163 0
122167 3
122191 3
123314 1
123317 0
123343 0
123976 0
124089 1
124132 0
124269 1
124270 3
124308 0
124485 3
124710 0
124730 0
124731 1
124778 1
124829 0
124846 1
124847 0
124879 0
124897 1
124914 3
125001 0
125003 0
125055 0
125117 1
125119 3
125123 0
125125 0
125202 1
125206 0
125207 0
125234 1
125413 1
125469 0
125488 1
125547 1
125601 3
125605 3
125631 1
125669 0
125762 0
125825 1
125851 1
125954 1
126835 0
126860 1
126865 1
126869 1
126886 1
126895 0
126897 0
126919 0
127059 1
127159 1
127268 1
127272 0
127394 0
127454 3
127810 1
128046 0
144139 0
144153 0
144160 0
144298 0
144315 2
144316 2
144443 5
144445 5
144463 0
144556 5
144575 0
144603 0
144615 2
144618 5
144642 0
144750 2
144773 0
144887 0
144905 2
144913 0
144927 0
144943 5
145078 0
145090 5
145094 5
145135 0
145212 0
145240 0
145243 0
145255 5
145264 0
145305 2
145366 0
145379 2
145380 2
147994 4
148041 4
148082 3
148278 3
148554 3
149009 3
149155 4
149432 4
149437 4
149565 3
149823 3
150945 4
151011 4
151025 3
151178 4
151537 4
152467 4
152747 4
152880 4
153078 4
153107 4
153108 4
153650 3
153867 4
153870 4
153876 3
153905 4
153917 3
153923 3
154483 3
154910 3
154926 4
154983 3
154992 4
155339 3
155689 3
155744 3
156186 3
156779 3
156911 4
157199 3
157279 4
157425 4
157683 3
157690 3
157729 3
157941 4
158554 4
158806 3
158857 4
158910 3
159035 3
159546 3
160571 4
160616 4
161312 3
161355 3
161486 4
161534 3
161538 4
161586 4
161843 4
162745 2
162825 2
162848 1
162862 1
162917 1
162921 1
162997 2
163056 1
163082 1
163111 1
163164 2
163169 1
163177 2
163309 1
163310 2
163315 2
163343 2
163378 2
163431 2
163449 1
163539 1
163540 1
163547 2
163648 2
163682 2
163719 2
163764 2
163775 2
163835 2
163916 1
163936 2
163945 1
164012 2
164023 1
164098 1
164130 2
164140 2
164163 1
164175 1
164283 1
164331 2
164333 2
164352 2
164382 1
164402 1
164432 1
164454 2
164498 2
164508 1
164562 2
164570 2
164661 1
164719 1
164745 4
164766 1
164806 4
164815 1
164837 4
164839 1
164876 1
164955 4
164957 4
164963 1
165131 1
165164 4
165166 1
165217 4
165233 1
165246 1
165252 1
165459 4
165504 1
165626 1
165650 4
165659 1
165785 4
165786 1
165787 4
165788 4
165842 1
165918 1
165986 4
166150 4
166419 4
166483 1
166506 4
166510 1
166653 4
166731 1
166741 1
166746 4
166749 4
166753 1
166838 4
166951 1
167195 4
167202 1
167203 4
167484 1
167602 4
167766 1
167767 1
167778 4
167783 1
167786 4
167804 1
167886 4
167888 1
167889 1
167896 1
168707 3
169301 3
170204 3
170716 4
193490 0
193513 0
193514 0
193543 5
193544 5
193620 0
193637 5
193670 0
193674 5
193675 0
193676 5
193695 0
193698 0
193713 0
193752 0
193753 0
193835 5
193840 5
193842 5
193843 5
194069 0
194114 5
194188 0
194193 5
194337 0
194340 5
194343 5
194357 0
194367 0
194369 0
194392 5
194397 5
194399 0
194502 5
194539 5
194705 5
194800 5
195063 5
195065 0
195106 5
195124 0
195160 5
195163 5
195258 0
195349 0
195355 0
195475 5
195579 5
195592 5
195629 5
195765 5
195783 5
195789 5
195790 0
195796 0
195797 5
195798 0
195816 5
195828 5
195829 0
195868 5
195869 0
195904 5
195905 0
196066 0
196101 0
196146 0
196189 5
196226 0
196301 5
196321 0
196348 0
196349 0
196474 0
196490 5
196501 5
196522 0
196525 0
196532 5
196533 0
196549 0
196557 5
196576 5
196666 5
196902 0
197022 5
197124 5
197142 5
197180 0
197205 5
197212 5
197229 5
197232 5
197253 5
197290 0
197292 5
197308 0
197309 0
197359 5
197369 5
197444 0
197581 5
197780 0
197827 5
197854 0
197882 0
197884 5
197894 0
197899 0
197902 0
197998 5
198004 5
198020 0
198034 0
198037 5
198038 0
198039 0
198062 5
198184 5
198186 5
198308 5
198374 5
198420 0
198461 5
198586 0
198730 0
198998 0
199399 4
199584 4
199648 3
200051 4
200103 3
200104 3
200271 3
200497 3
200575 4
200610 3
200686 3
200688 4
200780 3
201087 3
201215 3
201415 3
201905 4
201908 3
201946 4
201992 3
202052 3
202453 3
202552 4
202574 4
202872 3
203174 3
203212 4
203215 3
203348 3
203351 3
203741 4
203778 4
203828 3
203869 3
204198 1
204208 1
204209 0
204210 0
204242 2
204257 0
204315 0
204327 1
204349 1
204355 0
204357 0
204359 0
204366 0
204385 0
204391 1
204413 0
204430 1
204435 1
204444 1
204445 0
204446 0
204461 0
204464 1
204485 0
204523 0
204533 1
204581 1
204584 1
204596 0
204692 1
204874 0
204903 0
204910 0
204922 1
204943 1
204978 1
204985 1
204987 0
205034 1
205047 1
205079 1
205087 1
205091 1
205107 1
205111 0
205125 0
205130 1
205136 1
205137 0
205164 2
205184 1
205204 1
205256 0
212782 0
212893 0
212909 3
213048 3
213056 0
213363 3
213374 3
213402 3
213405 0
213605 0
213795 3
213803 3
213916 0
213953 3
213982 0
214294 3
214360 3
214506 0
214537 3
214639 0
214812 3
214818 3
214819 0
214820 0
214913 0
215233 0
215363 3
215474 3
215481 0
215691 0
215712 3
215785 3
215972 0
216129 3
216184 3
216189 0
216320 3
216322 0
216358 3
216470 3
216814 1
216869 1
217324 0
217404 0
217528 1
217651 0
217685 1
217697 0
217962 0
218135 0
218146 1
218186 0
218663 0
218776 0
218861 0
218862 1
218864 1
218865 0
219187 1
219897 0
220338 0
220653 0
220755 3
220875 0
221320 1
221579 0
221675 1
221677 1
221820 0
221825 1
221858 1
222402 0
222707 3
222708 0
223674 0
223675 3
223762 0
223861 0
224327 1
224690 1
224693 2
224712 2
224729 1
224739 2
224839 2
224840 2
224855 1
224856 2
224867 1
224868 1
224977 1
225005 1
225010 2
225070 2
225098 2
225141 1
225157 1
225175 1
225355 2
225360 1
225377 2
225483 2
225496 1
225497 1
225614 1
225617 2
225626 1
225643 2
225689 1
225791 1
225803 2
225804 2
225878 3
225976 3
226041 0
226070 3
226579 0
226714 0
226715 3
227247 0
227248 3
227262 0
227263 3
227270 0
227305 0
227308 3
227718 0
227719 0
227738 3
227851 3
227873 0
227897 0
227901 3
227903 0
227926 3
227941 3
228377 3
228567 0
228592 0
228610 0
228648 3
228707 3
229201 3
229202 0
229227 0
229251 0
229311 0
229826 0
229861 3
229992 3
230159 3
230658 3
230940 0
231071 3
231211 0
231271 5
231285 5
231295 5
231304 0
231311 5
231557 5
231599 5
231608 0
231630 0
231669 5
231677 0
231708 0
231729 5
231752 0
231762 0
231793 5
231826 5
231848 5
231976 0
232025 5
232130 5
232203 0
232280 5
232347 0
232382 5
232388 0
232415 0
232445 5
232448 5
232465 0
232510 5
232521 0
232794 0
232845 0
232846 5
232874 5
232911 0
232960 0
232996 0
233003 0
233005 5
233081 0
233192 5
233273 3
233306 0
233370 0
233445 3
233473 5
233535 5
233614 5
233632 5
233647 5
233680 3
233681 3
233715 5
233731 5
233732 0
233761 5
233810 5
233811 5
233812 5
233967 5
234028 5
234029 5
234031 5
234039 0
234063 5
234064 5
234070 0
234107 0
234396 5
250400 2
250460 2
250670 4
250672 1
250685 4
250735 4
250761 1
250780 4
250827 1
250885 4
250920 4
250936 4
250975 4
250997 4
251078 1
251100 4
251131 1
251146 1
251177 4
251220 4
251315 1
251351 4
251384 1
251399 1
251411 4
251413 1
251416 4
251417 1
251418 1
251433 4
251444 1
251445 4
251463 1
251575 4
251576 4
251651 1
251682 4
251683 1
251692 4
251701 4
251713 4
251718 1
251727 1
251752 1
251753 1
251797 4
251845 1
251851 4
251917 4
251960 1
251967 1
251969 1
251971 1
252002 4
252105 4
252133 4
252209 4
252216 4
252227 4
252231 4
252280 1
252281 4
252361 1
252394 1
252418 4
252442 1
252462 1
252464 1
252476 1
252478 1
252480 1
252543 4
252574 4
252575 4
252593 1
252599 1
252658 4
252667 4
252669 4
